----------------------------------------------------------------------------
CrystalDiskInfo 9.9.1 (C) 2008-2026 hiyohiyo
                                Crystal Dew World: https://crystalmark.info/
----------------------------------------------------------------------------

    OS : Windows 11 Home 25H2 [10.0 Build 26200] (x64)
  Date : 2026/06/30 22:12:22

-- Controller Map ----------------------------------------------------------
 - Microsoft 存储空间控制器 [SCSI]
 + 标准 NVM Express 控制器 [SCSI]
   - YMTC PC41Q-1TB-B
 - Xvdd SCSI Miniport [SCSI]

-- Disk List ---------------------------------------------------------------
 (01) YMTC PC41Q-1TB-B : 1024.2 GB [0/0/0, sq] - nv

----------------------------------------------------------------------------
 (01) YMTC PC41Q-1TB-B
----------------------------------------------------------------------------
           Model : YMTC PC41Q-1TB-B
        Firmware : YM11D343
   Serial Number : YMA61T0KA2522109AT
       Disk Size : 1024.2 GB
       Interface : NVM Express
        Standard : NVM Express 1.4
   Transfer Mode : PCIe 4.0 x4 | PCIe 4.0 x4
  Power On Hours : 1429 小时
  Power On Count : 228 次
      Host Reads : 10624 GB
     Host Writes : 18000 GB
     Temperature : 39 C (102 F)
   Health Status : 良好 (98 %)
        Features : S.M.A.R.T., TRIM, VolatileWriteCache
    Drive Letter : C:

-- S.M.A.R.T. --------------------------------------------------------------
ID RawValues(6) Attribute Name
01 000000000000 严重警告标志
02 000000000138 综合温度
03 000000000064 可用备用空间
04 00000000000A 可用备用空间阈值
05 000000000002 已用寿命百分比
06 00000153F956 读取单位计数
07 000002400403 写入单位计数
08 0000105683A4 主机读命令计数
09 0000126DEA30 主机写命令计数
0A 000000002B9A 控制器忙状态时间
0B 0000000000E4 启动-关闭循环次数
0C 000000000595 通电时间(小时)
0D 000000000030 不安全关机计数
0E 000000000000 介质与数据完整性错误计数
0F 000000000000 错误日志项数
10 000000000000 警告综合温度时间
11 000000000000 严重综合温度时间
12 000000000144 温度传感器 1
13 000000000137 温度传感器 2
14 000000000137 温度传感器 3
16 000000000138 温度传感器 5
17 000000000136 温度传感器 6
18 000000000137 温度传感器 7
19 000000000137 温度传感器 8
1A 000000000000 热管理温度 1 转换次数
1B 000000000000 热管理温度 2 转换次数
1C 000000000000 热管理温度 1 总时间
1D 000000000000 热管理温度 2 总时间

-- IDENTIFY_DEVICE ---------------------------------------------------------
        0    1    2    3    4    5    6    7    8    9
000: 1E49 1E49 4D59 3641 5431 4B30 3241 3235 3132 3930
010: 5441 2020 4D59 4354 5020 3443 5131 312D 4254 422D
020: 2020 2020 2020 2020 2020 2020 2020 2020 2020 2020
030: 2020 2020 4D59 3131 3344 3334 B706 A428 0600 0001
040: 0400 0001 9D38 0007 4B40 004C 0200 0000 0010 0000
050: 0000 0000 0000 0000 0000 0100 0000 0000 0000 0000
060: 0000 0000 0000 0000 0000 0000 0000 0000 0000 0000
070: 0000 0000 0000 0000 0000 0000 0000 0000 0000 0000
080: 0000 0000 0000 0000 0000 0000 0000 0000 0000 0000
090: 0000 0000 0000 0000 0000 0000 0000 0000 0000 0000
100: 0000 0000 0000 0000 0000 0000 0000 0000 0000 0000
110: 0000 0000 0000 0000 0000 0000 0000 0000 0000 0000
120: 0000 0000 0000 0000 0000 0000 0100 0100 0017 0703
130: 1F16 043F 0101 0164 0166 0032 4000 0000 4000 0000
140: 0000 0000 0000 0000 0000 0000 0000 0000 0000 0000
150: 0000 0000 0000 0000 0000 0000 0001 3E1F 001E 0401
160: 0000 0001 0111 0164 0002 A000 0000 0000 0100 0000
170: 0001 0000 0000 0000 0000 0000 0001 0000 0000 0000
180: 0000 0000 0000 0000 0000 0000 0000 0000 0000 0000
190: 0000 0000 0000 0000 0000 0000 0000 0000 0000 0000
200: 0000 0000 0000 0000 0000 0000 0000 0000 0000 0000
210: 0000 0000 0000 0000 0000 0000 0000 0000 0000 0000
220: 0000 0000 0000 0000 0000 0000 0000 0000 0000 0000
230: 0000 0000 0000 0000 0000 0000 0000 0000 0000 0000
240: 0000 0000 0000 0000 0000 0000 0000 0000 0000 0000
250: 0000 0000 0000 0000 0000 0000

-- SMART_NVME --------------------------------------------------------------
     +0 +1 +2 +3 +4 +5 +6 +7 +8 +9 +A +B +C +D +E +F
000: 00 38 01 64 0A 02 00 00 00 00 00 00 00 00 00 00
010: 00 00 00 00 00 00 00 00 00 00 00 00 00 00 00 00
020: 56 F9 53 01 00 00 00 00 00 00 00 00 00 00 00 00
030: 03 04 40 02 00 00 00 00 00 00 00 00 00 00 00 00
040: A5 83 56 10 00 00 00 00 00 00 00 00 00 00 00 00
050: 30 EA 6D 12 00 00 00 00 00 00 00 00 00 00 00 00
060: 9A 2B 00 00 00 00 00 00 00 00 00 00 00 00 00 00
070: E4 00 00 00 00 00 00 00 00 00 00 00 00 00 00 00
080: 95 05 00 00 00 00 00 00 00 00 00 00 00 00 00 00
090: 30 00 00 00 00 00 00 00 00 00 00 00 00 00 00 00
0A0: 00 00 00 00 00 00 00 00 00 00 00 00 00 00 00 00
0B0: 00 00 00 00 00 00 00 00 00 00 00 00 00 00 00 00
0C0: 00 00 00 00 00 00 00 00 44 01 37 01 37 01 00 00
0D0: 38 01 36 01 37 01 37 01 00 00 00 00 00 00 00 00
0E0: 00 00 00 00 00 00 00 00 00 00 00 00 00 00 00 00
0F0: 00 00 00 00 00 00 00 00 00 00 00 00 00 00 00 00
100: 00 00 00 00 00 00 00 00 00 00 00 00 00 00 00 00
110: 00 00 00 00 00 00 00 00 00 00 00 00 00 00 00 00
120: 00 00 00 00 00 00 00 00 00 00 00 00 00 00 00 00
130: 00 00 00 00 00 00 00 00 00 00 00 00 00 00 00 00
140: 00 00 00 00 00 00 00 00 00 00 00 00 00 00 00 00
150: 00 00 00 00 00 00 00 00 00 00 00 00 00 00 00 00
160: 00 00 00 00 00 00 00 00 00 00 00 00 00 00 00 00
170: 00 00 00 00 00 00 00 00 00 00 00 00 00 00 00 00
180: 00 00 00 00 00 00 00 00 00 00 00 00 00 00 00 00
190: 00 00 00 00 00 00 00 00 00 00 00 00 00 00 00 00
1A0: 00 00 00 00 00 00 00 00 00 00 00 00 00 00 00 00
1B0: 00 00 00 00 00 00 00 00 00 00 00 00 00 00 00 00
1C0: 00 00 00 00 00 00 00 00 00 00 00 00 00 00 00 00
1D0: 00 00 00 00 00 00 00 00 00 00 00 00 00 00 00 00
1E0: 00 00 00 00 00 00 00 00 00 00 00 00 00 00 00 00
1F0: 00 00 00 00 00 00 00 00 00 00 00 00 00 00 00 00

